xy_points = [
    [-0.374, -5.963],
    [-1.021, -5.99],
    [-1.559, -6.036],
    [-1.956, -6.036],
    [-2.366, -5.973],
    [-0.294, -5.698],
    [-0.884, -5.709],
    [-1.575, -5.76],
    [-1.997, -5.703],
    [-2.389, -5.62],
    [-0.444, -5.179],
    [-0.935, -5.199],
    [-1.434, -5.199],
    [-1.928, -5.181],
    [-2.326, -5.046],
    [-0.203, -4.663],
    [-0.78, -4.668],
    [-1.24, -4.656],
    [-1.733, -4.655],
    [-2.236, -4.666],
    [-0.057, -4.047],
    [-0.639, -4.059],
    [-1.119, -4.066],
    [-1.689, -3.997],
    [-2.187, -3.995],
]
