105225439, 105413685
105458923, 105646082
105839570, 110028035
110144263, 110332181
110427191, 110615396
110824773, 111012134
111116141, 111304260
111358304, 111546935
111636577, 111824452
111926681, 112114774
112216019, 112404780
112442511, 112630461
112703833, 112852600
113315219, 113504904
113626173, 113813648
113910736, 114058165
114233426, 114421654
114532859, 114720634
114824460, 115013354
115057471, 115245177
115347907, 115536497
115608955, 115757903
115835531, 120023003
120107000, 120254913
120353188, 120541638